-2.9703 17
-2.91089 35
-2.85149 48
-2.79208 38
-2.73267 59
-2.67327 73
-2.61386 95
-2.55446 96
-2.49505 107
-2.43564 133
-2.37624 123
-2.31683 158
-2.25743 181
-2.19802 214
-2.13861 259
-2.07921 274
-2.0198 325
-1.9604 326
-1.90099 383
-1.84158 420
-1.78218 461
-1.72277 539
-1.66337 597
-1.60396 632
-1.54455 728
-1.48515 801
-1.42574 860
-1.36634 971
-1.30693 987
-1.24752 1119
-1.18812 1155
-1.12871 1124
-1.06931 1349
-1.0099 1395
-0.950495 1569
-0.891089 1519
-0.831683 1725
-0.772277 1793
-0.712871 1846
-0.653465 1875
-0.594059 1994
-0.534653 2090
-0.475248 2036
-0.415842 2153
-0.356436 2244
-0.29703 2369
-0.237624 2296
-0.178218 2443
-0.118812 2398
-0.0594059 2320
0 2366
0.0594059 2377
0.118812 2269
0.178218 2293
0.237624 2315
0.29703 2201
0.356436 2241
0.415842 2172
0.475248 2123
0.534653 2013
0.594059 2012
0.653465 1855
0.712871 1800
0.772277 1735
0.831683 1649
0.891089 1671
0.950495 1490
1.0099 1482
1.06931 1318
1.12871 1277
1.18812 1150
1.24752 1080
1.30693 1022
1.36634 969
1.42574 827
1.48515 842
1.54455 740
1.60396 619
1.66337 624
1.72277 535
1.78218 489
1.84158 447
1.90099 407
1.9604 352
2.0198 306
2.07921 256
2.13861 265
2.19802 236
2.25743 182
2.31683 161
2.37624 138
2.43564 136
2.49505 110
2.55446 84
2.61386 79
2.67327 68
2.73267 50
2.79208 51
2.85149 42
2.91089 34
2.9703 23
